[gd_scene load_steps=99 format=3 uid="uid://bqqgyqafm7xwp"]

[ext_resource type="Environment" uid="uid://bqnqgflivjvue" path="res://scenes/main-environment.tres" id="1_ahusb"]
[ext_resource type="PackedScene" uid="uid://dl2ed4gkybggf" path="res://objects/player.tscn" id="2_onms2"]
[ext_resource type="PackedScene" uid="uid://dhxok27jxvik8" path="res://objects/flag.tscn" id="4_els00"]
[ext_resource type="PackedScene" uid="uid://cxea8lmw7cy1l" path="res://objects/player_kill_volume.tscn" id="4_mddkv"]
[ext_resource type="Script" path="res://scripts/view.gd" id="5_bg0fr"]
[ext_resource type="PackedScene" uid="uid://uqr4hswv6d2g" path="res://objects/platform_grass_large_round.tscn" id="8_4oh1e"]
[ext_resource type="Script" path="res://scripts/hud.gd" id="11_apvpm"]
[ext_resource type="PackedScene" uid="uid://cjgfjucbpxtlj" path="res://models/props/ladder.glb" id="13_boikr"]
[ext_resource type="Texture2D" uid="uid://cd7oyc56ehkx1" path="res://sprites/coin.png" id="13_jfda3"]
[ext_resource type="PackedScene" uid="uid://cyvet7kb6y80r" path="res://objects/checkpoint.tscn" id="14_iy7eg"]
[ext_resource type="PackedScene" uid="uid://cmkdwrjcbf2o1" path="res://models/props/arrow.glb" id="14_vd0ck"]
[ext_resource type="PackedScene" uid="uid://lsueg2ojaw80" path="res://objects/trampoline.tscn" id="15_7gf1f"]
[ext_resource type="PackedScene" uid="uid://cte7gcfhvygfi" path="res://models/props/crate.glb" id="15_nxub2"]
[ext_resource type="PackedScene" uid="uid://bbwuwundx2kas" path="res://models/props/fence-low-broken.glb" id="16_m1xjw"]
[ext_resource type="PackedScene" uid="uid://7orjqql4d2cd" path="res://models/props/fence-corner-curved.glb" id="17_8sj3y"]
[ext_resource type="FontFile" uid="uid://d0cxd77jybrcn" path="res://fonts/lilita_one_regular.ttf" id="17_tk810"]
[ext_resource type="PackedScene" uid="uid://cg87xovds8fk" path="res://Assets/wall_2.tscn" id="18_anm0v"]
[ext_resource type="PackedScene" uid="uid://crjxc823ldoc3" path="res://models/props/flowers.glb" id="18_tc46j"]
[ext_resource type="PackedScene" uid="uid://bjf7nnqb2vgjd" path="res://models/props/flowers-tall.glb" id="19_c7e8h"]
[ext_resource type="PackedScene" uid="uid://c4al3isu2lmrb" path="res://Assets/fence_straight_2.tscn" id="19_e0bb4"]
[ext_resource type="PackedScene" uid="uid://drdt1lv4menw6" path="res://models/props/grass.glb" id="20_3dqmw"]
[ext_resource type="Theme" uid="uid://d3avl0mr4r87l" path="res://themes/default_theme.tres" id="22_ntxd1"]
[ext_resource type="PackedScene" uid="uid://c1iq0crwya0gv" path="res://Assets/platform_fortified_2.tscn" id="23_afw46"]
[ext_resource type="PackedScene" uid="uid://cdc2olj3qoiw1" path="res://Assets/block_grass_overhang_large_slope_2.tscn" id="23_fym2t"]
[ext_resource type="Texture2D" uid="uid://dm50aa4qogm65" path="res://sprites/button_rectangle_depth_gloss.png" id="23_iywmg"]
[ext_resource type="PackedScene" uid="uid://baa7alv7xvd48" path="res://Assets/platform_overhang_2.tscn" id="23_trdv3"]
[ext_resource type="PackedScene" uid="uid://b83tbxtafao1o" path="res://Assets/ladder_long_2.tscn" id="24_uh4r0"]
[ext_resource type="PackedScene" uid="uid://dlst3fxcqusuq" path="res://models/props/tree.glb" id="25_dhd0u"]
[ext_resource type="LabelSettings" uid="uid://daohhjonjrdx8" path="res://themes/label_settings.tres" id="25_q0fwy"]
[ext_resource type="PackedScene" uid="uid://8nj3mwc712mv" path="res://Assets/block_grass_corner_overhang_low_2.tscn" id="26_t6by5"]
[ext_resource type="PackedScene" uid="uid://c25wygtxj4oun" path="res://Assets/block_grass_overhang_low_narrow_2.tscn" id="27_1sqi8"]
[ext_resource type="PackedScene" uid="uid://dbr3dh46cbskt" path="res://objects/wall.tscn" id="27_7lx6n"]
[ext_resource type="PackedScene" uid="uid://dwvhgrcyestak" path="res://objects/trap_spikes.tscn" id="27_g6u48"]
[ext_resource type="PackedScene" uid="uid://dpo3dr26b06w3" path="res://objects/spike_block_wide.tscn" id="27_h58tg"]
[ext_resource type="PackedScene" uid="uid://dgwnhphsmk556" path="res://models/props/barrel.glb" id="27_sociq"]
[ext_resource type="PackedScene" uid="uid://c8up71en5djgm" path="res://objects/platform_falling.tscn" id="29_0iu1x"]
[ext_resource type="PackedScene" uid="uid://ctfjj2573fbex" path="res://models/props/plant.glb" id="31_jeoo1"]
[ext_resource type="PackedScene" uid="uid://0v6t454aaexr" path="res://objects/door.tscn" id="32_gtb6u"]
[ext_resource type="PackedScene" uid="uid://bt1gi8egtqv8n" path="res://Assets/stairs_diagonal_narrow_2.tscn" id="32_lewoa"]
[ext_resource type="PackedScene" uid="uid://dfpisimsgf5ce" path="res://objects/coin.tscn" id="33_vqgmg"]
[ext_resource type="PackedScene" uid="uid://b7rgp4ir2dhng" path="res://models/prototyping/models/wall-doorway-wide.glb" id="33_wp83e"]
[ext_resource type="PackedScene" uid="uid://d2o3fwocnjboo" path="res://Assets/wall_window_small_2.tscn" id="34_4owie"]
[ext_resource type="PackedScene" uid="uid://b5ud0uuitvvsn" path="res://Assets/pipe_half_section_2.tscn" id="35_8x3f4"]
[ext_resource type="PackedScene" uid="uid://bw5q0fvj6ewvl" path="res://Assets/block_snow_low_hexagon_2.tscn" id="36_4jkw4"]
[ext_resource type="PackedScene" uid="uid://c4uqfecsogdmb" path="res://Assets/shape_hollow_cylinder_detailed_2.tscn" id="38_18usl"]
[ext_resource type="PackedScene" uid="uid://4d8yxv8oluum" path="res://Assets/wall_round_low_2.tscn" id="39_5l47o"]
[ext_resource type="PackedScene" uid="uid://tqm2ma1owf4f" path="res://models/props/block-snow-edge.glb" id="46_08y5k"]
[ext_resource type="PackedScene" uid="uid://dq7ybxic6wbtn" path="res://models/props/block-grass-corner-overhang-low.glb" id="47_lu4ye"]
[ext_resource type="PackedScene" uid="uid://cuas4e8ql54qb" path="res://models/props/block-grass-corner-overhang.glb" id="48_42npd"]
[ext_resource type="PackedScene" uid="uid://u2e4a85jvko3" path="res://models/props/block-snow-corner-overhang-low.glb" id="49_pd22e"]
[ext_resource type="PackedScene" uid="uid://duqfd836kg7tm" path="res://models/props/block-snow-curve.glb" id="50_m6s63"]
[ext_resource type="PackedScene" uid="uid://dkgymi6gdjtbb" path="res://models/props/block-snow-overhang-large-slope-narrow.glb" id="51_kkxfd"]
[ext_resource type="PackedScene" uid="uid://dbylqw3i7tx0i" path="res://models/props/block-grass-edge.glb" id="51_xe76n"]
[ext_resource type="PackedScene" uid="uid://s1bbwujq22dg" path="res://models/props/block-grass-large-tall.glb" id="52_dgyk5"]
[ext_resource type="PackedScene" uid="uid://b56gvebgs3gqc" path="res://models/props/block-grass-large-slope.glb" id="53_46god"]
[ext_resource type="PackedScene" uid="uid://bkrjqw23k1eef" path="res://Assets/block_grass_corner_overhang_low_a2.tscn" id="55_p8gt0"]
[ext_resource type="PackedScene" uid="uid://d0f5xfyn1x1a1" path="res://models/props/tree-snow.glb" id="56_5f4f1"]
[ext_resource type="PackedScene" uid="uid://day542mhkw6j7" path="res://models/props/saw.glb" id="57_s3l17"]
[ext_resource type="PackedScene" uid="uid://c0845looyday0" path="res://models/props/block-grass-overhang-narrow.glb" id="58_kyli5"]
[ext_resource type="PackedScene" uid="uid://b6rw2riw233sl" path="res://Assets/fence_low_straight_2.tscn" id="59_w8xel"]
[ext_resource type="PackedScene" uid="uid://daswdefxbxoj8" path="res://Assets/poles.tscn" id="60_i3wcj"]
[ext_resource type="PackedScene" uid="uid://cphvj3l6e7ddt" path="res://models/props/chest.glb" id="62_m08sp"]
[ext_resource type="PackedScene" uid="uid://cqdmicia4gklj" path="res://models/props/platform-fortified.glb" id="63_t8ujp"]
[ext_resource type="PackedScene" uid="uid://cl1l60sih7qo0" path="res://models/props/spike-block-wide.glb" id="64_j53ub"]
[ext_resource type="PackedScene" uid="uid://6n42nnf84i57" path="res://models/props/key.glb" id="65_nwwja"]
[ext_resource type="PackedScene" uid="uid://cx3b14fejc7la" path="res://Assets/barrel_2.tscn" id="66_w1k8w"]
[ext_resource type="PackedScene" uid="uid://cppammvyojl7" path="res://models/props/ladder-broken.glb" id="67_5r6no"]
[ext_resource type="PackedScene" uid="uid://b87snreold7v2" path="res://models/props/ladder-long.glb" id="68_4en86"]
[ext_resource type="PackedScene" uid="uid://o03cclkqfdvo" path="res://models/props/door-large-open.glb" id="69_8j5my"]
[ext_resource type="PackedScene" uid="uid://5ltihbra4hfb" path="res://models/props/block-grass-hexagon.glb" id="70_6jp8o"]
[ext_resource type="PackedScene" uid="uid://dunj1rjqoy2c8" path="res://models/props/block-grass-large-slope-narrow.glb" id="71_jpb5h"]
[ext_resource type="PackedScene" uid="uid://cdm13smoprpf7" path="res://models/props/door-rotate.glb" id="72_cqv4j"]
[ext_resource type="PackedScene" uid="uid://dmequtx2oso1f" path="res://models/props/rocks.glb" id="73_xvrqr"]
[ext_resource type="PackedScene" uid="uid://cq6msno48vxkn" path="res://Assets/rocks_2.tscn" id="74_p6y7y"]
[ext_resource type="PackedScene" uid="uid://b7yv016l57x1q" path="res://models/props/mushrooms.glb" id="75_fpnx8"]
[ext_resource type="PackedScene" uid="uid://duf6tmubs17m3" path="res://models/props/sign.glb" id="76_dj3v1"]
[ext_resource type="PackedScene" uid="uid://kxlanit681hg" path="res://models/props/platform.glb" id="77_5dlfo"]
[ext_resource type="PackedScene" uid="uid://dt3vqw0tvlu8x" path="res://models/props/block-snow-overhang-edge.glb" id="78_tgv3h"]
[ext_resource type="PackedScene" uid="uid://csyut2reugea5" path="res://models/props/crate-strong.glb" id="79_sjo4i"]
[ext_resource type="PackedScene" uid="uid://canh2cf2meiqs" path="res://models/props/block-grass-low-long.glb" id="80_qbfpi"]
[ext_resource type="PackedScene" uid="uid://dgrcbbfba0tu4" path="res://models/props/block-grass-overhang-large-slope-narrow.glb" id="80_y0jsr"]
[ext_resource type="PackedScene" uid="uid://cdgh7idleajwl" path="res://models/props/bomb.glb" id="82_doy0v"]
[ext_resource type="PackedScene" uid="uid://ce6kt0kkbgr1c" path="res://models/props/block-grass-overhang-large-slope-steep-narrow.glb" id="83_kfey1"]
[ext_resource type="PackedScene" uid="uid://d1igeo1rg06wj" path="res://models/props/crate-item-strong.glb" id="84_nx2cn"]
[ext_resource type="PackedScene" uid="uid://deenxvd7c27m2" path="res://models/props/flag.glb" id="85_rywqg"]
[ext_resource type="PackedScene" uid="uid://dy017k58p20sk" path="res://objects/cloud.tscn" id="87_5q7pd"]
[ext_resource type="PackedScene" uid="uid://dvkddg7nbq61m" path="res://models/props/block-grass-overhang-low-hexagon.glb" id="88_ybjtr"]
[ext_resource type="PackedScene" uid="uid://b8d1oe5olis7n" path="res://models/props/stones.glb" id="89_jx0xp"]
[ext_resource type="PackedScene" uid="uid://c87pdxnhaaj1u" path="res://models/props/block-snow-low-large.glb" id="90_6ijup"]
[ext_resource type="PackedScene" uid="uid://1876pqglxnsg" path="res://models/props/tree-pine-small.glb" id="91_0kap7"]
[ext_resource type="PackedScene" uid="uid://dagv77nmuqdqw" path="res://models/props/block-grass-overhang-large-slope-steep.glb" id="91_pvpd6"]
[ext_resource type="PackedScene" uid="uid://bs65o07otxbmm" path="res://objects/moving_object_path_3d.tscn" id="92_jyion"]
[ext_resource type="PackedScene" uid="uid://bdm3quh21j64k" path="res://objects/platform_large.tscn" id="93_0o4ty"]

[sub_resource type="CameraAttributesPractical" id="CameraAttributesPractical_u8ojw"]
auto_exposure_scale = 0.75
dof_blur_far_enabled = true
dof_blur_far_distance = 21.62

[sub_resource type="LabelSettings" id="LabelSettings_ri8jt"]
font = ExtResource("17_tk810")
font_size = 128
shadow_color = Color(0, 0, 0, 0.376471)
shadow_offset = Vector2(2, 2)

[sub_resource type="LabelSettings" id="LabelSettings_x4d2s"]
font = ExtResource("17_tk810")
font_size = 32
shadow_color = Color(0, 0, 0, 0.376471)
shadow_offset = Vector2(2, 2)

[sub_resource type="LabelSettings" id="LabelSettings_v6r7m"]
font = ExtResource("17_tk810")
font_size = 42
shadow_color = Color(0, 0, 0, 0.376471)
shadow_offset = Vector2(2, 2)

[sub_resource type="Curve3D" id="Curve3D_hqt4u"]
_data = {
"points": PackedVector3Array(0, 0, 0, 0, 0, 0, -28.9924, 75.9102, -127.485, 0, 0, 0, 0, 0, 0, -29.0552, 54.4018, -128.092),
"tilts": PackedFloat32Array(0, 0)
}
point_count = 2

[node name="Main" type="Node3D"]

[node name="Environment" type="WorldEnvironment" parent="."]
environment = ExtResource("1_ahusb")
camera_attributes = SubResource("CameraAttributesPractical_u8ojw")

[node name="Player" parent="." node_paths=PackedStringArray("view") instance=ExtResource("2_onms2")]
transform = Transform3D(-0.582449, 0, -0.812867, 0, 1, 0, 0.812867, 0, -0.582449, -1.07211, 0.092869, 5.27995)
view = NodePath("../View")

[node name="View" type="Node3D" parent="." node_paths=PackedStringArray("target") groups=["View"]]
process_mode = 3
transform = Transform3D(0.707107, -0.298836, 0.640856, 0, 0.906308, 0.422618, -0.707107, -0.298836, 0.640856, 0, 0, 0)
script = ExtResource("5_bg0fr")
target = NodePath("../Player")

[node name="Camera" type="Camera3D" parent="View"]
transform = Transform3D(0.99993, -0.01185, -0.00022012, 0.011724, 0.99168, -0.128195, 0.00173736, 0.128183, 0.99175, 0, 9.53674e-07, 10)
current = true
fov = 40.0

[node name="World" type="Node3D" parent="."]

[node name="flag" parent="World" instance=ExtResource("4_els00")]
transform = Transform3D(0.707107, 0, -0.707107, 0, 1, 0, 0.707107, 0, 0.707107, -26.5549, 77.0576, -128.447)

[node name="spike-block-wide" parent="World" instance=ExtResource("27_h58tg")]
transform = Transform3D(-0.0395622, -0.461558, 0.883723, 1.26021, 0.0998907, 0.087658, -0.165131, 0.872905, 0.457247, -19.3522, 2.26148, 1.50164)

[node name="trap-spikes" parent="World" instance=ExtResource("27_g6u48")]
transform = Transform3D(1.02559, -0.00392275, 0.904643, -0.00828126, -1.36754, 0.00345859, 0.904613, -0.00807177, -1.02559, -33.0637, 9.96642, -2.73735)

[node name="player_kill_volume" parent="World" instance=ExtResource("4_mddkv")]

[node name="checkpoint2" parent="World" instance=ExtResource("14_iy7eg")]
transform = Transform3D(0.642818, 0, 0.238079, 0, 0.655404, 0, -0.238079, 0, 0.642818, -33.8736, 5.12066, -2.55465)

[node name="checkpoint2" parent="World/checkpoint2" instance=ExtResource("14_iy7eg")]
transform = Transform3D(1.04199, 0, 0.385919, 0, 1.1355, 0, -0.385919, 0, 1.04199, 13.831, 13.2963, 2.43471)

[node name="checkpoint2" parent="World/checkpoint2/checkpoint2" instance=ExtResource("14_iy7eg")]
transform = Transform3D(1.3783, 0, 0.510477, 0, 1.21224, 0, -0.510477, 0, 1.3783, 63.0248, 33.8422, -89.9127)

[node name="checkpoint3" parent="World/checkpoint2/checkpoint2" instance=ExtResource("14_iy7eg")]
transform = Transform3D(1.04199, 0, 0.385919, 0, 1.1355, 0, -0.385919, 0, 1.04199, 33.1432, 15.3708, -56.1282)

[node name="checkpoint2" parent="World/checkpoint2/checkpoint2/checkpoint3" instance=ExtResource("14_iy7eg")]
transform = Transform3D(1.93832, 0, 0.71789, 0, 1.97627, 0, -0.71789, 0, 1.93832, 52.292, 26.5293, -91.0791)

[node name="fence-straight2" parent="World" instance=ExtResource("19_e0bb4")]
transform = Transform3D(1.30134, -2.6198, -0.0948633, -0.0469538, -0.129185, 2.92351, -2.6211, -1.29838, -0.0994687, -14.9726, -0.0968107, 2.35368)

[node name="fence-straight2" parent="World/fence-straight2" instance=ExtResource("19_e0bb4")]
transform = Transform3D(1.38497, -0.040418, 0.0281282, 0.0383011, 1.38174, 0.0995372, -0.030948, -0.0986972, 1.38198, 2.60044, -2.13759, 0.0676945)

[node name="fence-straight2" parent="World/fence-straight2/fence-straight2" instance=ExtResource("19_e0bb4")]
transform = Transform3D(0.0654906, -0.783588, -0.0371982, 0.779598, 0.0691637, -0.0844081, 0.0872888, -0.0298172, 0.781776, 0.194831, 0.987238, 0.436749)

[node name="ladder2" parent="World/fence-straight2/fence-straight2" instance=ExtResource("13_boikr")]
transform = Transform3D(0.246422, 0.00654638, -0.00430782, -0.00484724, 0.0208432, -0.245616, -0.00615758, 0.245577, 0.0209612, -1.57953, 1.80205, 0.400023)

[node name="platform-falling4" parent="World" instance=ExtResource("29_0iu1x")]
transform = Transform3D(0.874373, 0, 0.485252, 0, 1, 0, -0.485252, 0, 0.874373, -33.2762, 24.8649, -64.7561)

[node name="platform-falling6" parent="World" instance=ExtResource("29_0iu1x")]
transform = Transform3D(0.971213, 0, -0.238211, 0, 1, 0, 0.238211, 0, 0.971213, -32.7436, 24.3383, -58.7971)

[node name="platform-falling7" parent="World" instance=ExtResource("29_0iu1x")]
transform = Transform3D(0.524193, 0, 0.851598, 0, 1, 0, -0.851598, 0, 0.524193, -35.585, 23.6744, -67.399)

[node name="platform-falling8" parent="World" instance=ExtResource("29_0iu1x")]
transform = Transform3D(0.997371, 0, 0.0724376, 0, 1, 0, -0.0724376, 0, 0.997371, -32.5805, 24.2696, -61.7782)

[node name="platform-falling9" parent="World" instance=ExtResource("29_0iu1x")]
transform = Transform3D(0.772499, 0, 0.635013, 0, 1, 0, -0.635013, 0, 0.772499, -41.698, 23.8993, -72.8845)

[node name="platform-falling" parent="World" instance=ExtResource("29_0iu1x")]
transform = Transform3D(0.564823, 0, -0.825212, 0, 1, 0, 0.825212, 0, 0.564823, -43.8625, 24.3027, -75.8698)

[node name="platform-falling2" parent="World" instance=ExtResource("29_0iu1x")]
transform = Transform3D(0.340002, 0, -0.940425, 0, 1, 0, 0.940425, 0, 0.340002, -45.6832, 24.7993, -79.3519)

[node name="platform-falling10" parent="World" instance=ExtResource("29_0iu1x")]
transform = Transform3D(-0.135145, 0, -0.990828, 0, 1, 0, 0.990828, 0, -0.135145, -41.4246, 26.3729, -84.2438)

[node name="platform-falling11" parent="World" instance=ExtResource("29_0iu1x")]
transform = Transform3D(-0.270281, 0, -0.962784, 0, 1, 0, 0.962784, 0, -0.270281, -37.8796, 27.0248, -83.1693)

[node name="arrow2" parent="World" instance=ExtResource("14_vd0ck")]
transform = Transform3D(0.412882, 0, 0.910785, 0, 1, 0, -0.910785, 0, 0.412882, -33.9895, 25.5127, -56.0023)

[node name="arrow3" parent="World" instance=ExtResource("14_vd0ck")]
transform = Transform3D(0.0442646, 0, 0.99902, 0, 1, 0, -0.99902, 0, 0.0442646, -2.56723, -0.0686079, 4.28616)

[node name="crate2" parent="World" instance=ExtResource("15_nxub2")]
transform = Transform3D(1, 0, 0, 0, 1, 0, 0, 0, 1, -0.0889452, -0.0686067, 2.72758)

[node name="crate3" parent="World" instance=ExtResource("15_nxub2")]
transform = Transform3D(0.91297, 0, -0.408028, 0, 1, 0, 0.408028, 0, 0.91297, 0.421473, -0.068607, 3.06908)

[node name="crate4" parent="World" instance=ExtResource("15_nxub2")]
transform = Transform3D(1, 0, 0, 0, 1, 0, 0, 0, 1, 0.160295, 0.397644, 2.92713)

[node name="fence-low-broken2" parent="World" instance=ExtResource("16_m1xjw")]
transform = Transform3D(1, 0, 0, 0, 1, 0, 0, 0, 1, -0.975625, -0.068607, 6.18439)

[node name="fence-corner-curved2" parent="World" instance=ExtResource("17_8sj3y")]
transform = Transform3D(0.969089, 0, -0.246711, 0, 1, 0, 0.246711, 0, 0.969089, -2.22891, -0.068607, 5.55991)

[node name="flowers" parent="World" instance=ExtResource("18_tc46j")]
transform = Transform3D(1, 0, 0, 0, 1, 0, 0, 0, 1, -0.0656024, -0.068607, 5.77675)

[node name="flowers-tall2" parent="World" instance=ExtResource("19_c7e8h")]
transform = Transform3D(1, 0, 0, 0, 1, 0, 0, 0, 1, 0.907925, -0.0686065, 4.16378)

[node name="flowers-tall3" parent="World" instance=ExtResource("19_c7e8h")]
transform = Transform3D(1, 0, 0, 0, 1, 0, 0, 0, 1, -1.87561, -0.068607, 3.95056)

[node name="grass2" parent="World" instance=ExtResource("20_3dqmw")]
transform = Transform3D(1, 0, 0, 0, 1, 0, 0, 0, 1, -0.114586, -0.0686067, 4.1228)

[node name="grass3" parent="World" instance=ExtResource("20_3dqmw")]
transform = Transform3D(1, 0, 0, 0, 1, 0, 0, 0, 1, -1.02315, -0.0686067, 4.29631)

[node name="wall2" parent="World" instance=ExtResource("18_anm0v")]
transform = Transform3D(1.65132, -0.0133154, -3.71541, 0.0673263, 11.9772, 0.0150355, 4.57832, -0.171328, 1.33986, -30.9034, 66.329, -127.755)

[node name="wall3" parent="World" instance=ExtResource("18_anm0v")]
transform = Transform3D(0.0515291, 1.03498, 4.10297, -2.98817, -0.0518108, 0.0990168, 0.0643804, -3.23314, 1.31184, -27.5448, 76.8533, -127.258)

[node name="wall4" parent="World" instance=ExtResource("18_anm0v")]
transform = Transform3D(2.36611, 0.0970185, -3.96901, -0.123432, 11.3773, -0.17972, 2.12831, 0.551972, 4.40204, -31.6106, 58.917, -126.527)

[node name="wall5" parent="World" instance=ExtResource("18_anm0v")]
transform = Transform3D(3.7593, 0.315805, -5.87693, 0.014454, 11.2032, 0.379151, 3.52977, -0.382218, 6.25754, -30.6766, 69.8158, -127.088)

[node name="Sun" type="DirectionalLight3D" parent="."]
transform = Transform3D(-0.422618, -0.694272, 0.582563, 0, 0.642788, 0.766044, -0.906308, 0.323744, -0.271654, 0, 0, 0)
light_color = Color(0.779214, 0.474417, 0.009012, 1)
light_energy = 16.0
shadow_enabled = true
shadow_opacity = 0.75

[node name="HUD" type="CanvasLayer" parent="." groups=["HUD"]]
process_mode = 3
script = ExtResource("11_apvpm")

[node name="Control" type="Control" parent="HUD"]
layout_mode = 3
anchors_preset = 15
anchor_right = 1.0
anchor_bottom = 1.0
grow_horizontal = 2
grow_vertical = 2

[node name="Icon" type="TextureRect" parent="HUD/Control"]
layout_mode = 0
offset_left = 57.0
offset_top = 67.0
offset_right = 313.0
offset_bottom = 323.0
scale = Vector2(0.2, 0.2)
texture = ExtResource("13_jfda3")

[node name="x" type="Label" parent="HUD/Control"]
layout_mode = 0
offset_left = 112.0
offset_top = 64.0
offset_right = 144.0
offset_bottom = 123.0
text = "×"
label_settings = ExtResource("25_q0fwy")

[node name="Level Complete" type="Label" parent="HUD/Control"]
unique_name_in_owner = true
layout_mode = 1
anchors_preset = 5
anchor_left = 0.5
anchor_right = 0.5
offset_left = -429.0
offset_top = 139.0
offset_right = 429.0
offset_bottom = 287.0
grow_horizontal = 2
text = "Level Complete!"
label_settings = SubResource("LabelSettings_ri8jt")

[node name="CoinsLabel" type="Label" parent="HUD/Control"]
unique_name_in_owner = true
layout_mode = 0
offset_left = 144.0
offset_top = 64.0
offset_right = 368.0
offset_bottom = 123.0
text = "0"
label_settings = ExtResource("25_q0fwy")

[node name="PlayAgainButton" type="Button" parent="HUD/Control"]
unique_name_in_owner = true
layout_mode = 1
anchors_preset = 7
anchor_left = 0.5
anchor_top = 1.0
anchor_right = 0.5
anchor_bottom = 1.0
offset_left = -196.0
offset_top = -258.0
offset_right = 196.0
offset_bottom = -122.0
grow_horizontal = 2
grow_vertical = 0
size_flags_horizontal = 0
theme = ExtResource("22_ntxd1")
theme_override_colors/font_color = Color(1, 1, 1, 1)
theme_override_constants/outline_size = 2
theme_override_fonts/font = ExtResource("17_tk810")
theme_override_font_sizes/font_size = 60
text = "Play Again?"
icon = ExtResource("23_iywmg")
flat = true
icon_alignment = 1

[node name="TimeLabel" type="Label" parent="HUD/Control"]
unique_name_in_owner = true
layout_mode = 1
anchors_preset = 5
anchor_left = 0.5
anchor_right = 0.5
offset_left = -48.5
offset_top = 59.0
offset_right = 48.5
offset_bottom = 115.0
grow_horizontal = 2
text = "00"
label_settings = SubResource("LabelSettings_x4d2s")
horizontal_alignment = 1
vertical_alignment = 1

[node name="TimeNameLabel" type="Label" parent="HUD/Control"]
unique_name_in_owner = true
layout_mode = 1
anchors_preset = 5
anchor_left = 0.5
anchor_right = 0.5
offset_left = -49.0
offset_top = 22.0
offset_right = 49.0
offset_bottom = 78.0
grow_horizontal = 2
text = "TIME"
label_settings = SubResource("LabelSettings_v6r7m")
horizontal_alignment = 1
vertical_alignment = 1

[node name="wall3" parent="." instance=ExtResource("18_anm0v")]
transform = Transform3D(5.43553, -1.05032, 6.09736, 1.29086, 8.13002, 0.249715, -6.05101, 0.79089, 5.53044, -1.51205, -0.209915, -0.58877)

[node name="wall3" parent="wall3" instance=ExtResource("18_anm0v")]
transform = Transform3D(1.2614, -0.209527, 0.245831, 0.205658, 1.28513, 0.0400801, -0.249077, -7.45058e-09, 1.27805, -0.0672053, -0.00847632, -1.0391)

[node name="wall3" parent="wall3/wall3" instance=ExtResource("18_anm0v")]
transform = Transform3D(1.27965, -0.197069, 0.138309, 0.190164, 1.28607, 0.0730285, -0.147659, -0.0515699, 1.29267, -0.0672052, -0.00847635, -1.0391)

[node name="wall4" parent="wall3/wall3" instance=ExtResource("18_anm0v")]
transform = Transform3D(1.54024, 0.697014, 0.128189, -0.690874, 1.54508, -0.100099, -0.15797, 0.0386995, 1.68764, -1.16419, 0.046375, -1.0801)

[node name="wall4" parent="wall3/wall3/wall4" instance=ExtResource("18_anm0v")]
transform = Transform3D(0.145455, 0.505349, 0.28567, -0.612726, 0.12403, 0.0352708, -0.018275, -0.136311, 1.09116, -0.473145, 0.417027, -0.855868)
visible = false

[node name="wall4" parent="wall3/wall3/wall4/wall4" instance=ExtResource("18_anm0v")]
transform = Transform3D(0.160933, -0.000689965, 0.00106085, 0.00123076, 0.131222, -0.0212098, -0.00161926, 0.0311708, 0.0893118, 0.141938, 0.151973, 0.721891)

[node name="wall4" parent="wall3/wall3/wall4/wall4/wall4" instance=ExtResource("18_anm0v")]
transform = Transform3D(0.365346, 1.59446, -0.0366315, -1.45108, 0.400836, -0.0190271, -0.0138056, 0.0640772, 1.03053, 0.0607725, 0.147551, -0.00913429)

[node name="wall4" parent="wall3/wall3/wall4/wall4/wall4/wall4" instance=ExtResource("18_anm0v")]
transform = Transform3D(0.307861, 3.43126, -0.0045379, -2.26822, 0.462635, 0.060544, 0.279282, -0.0250447, 0.496716, -1.22132, -3.47222, -3.83057)

[node name="wall2" parent="wall3/wall3/wall4/wall4/wall4/wall4" instance=ExtResource("18_anm0v")]
transform = Transform3D(-0.509089, -0.139894, 1.24192, -0.156517, -1.16721, -0.264041, 1.26061, -0.335404, 1.23283, -1.76639, -3.47588, 0.512831)

[node name="wall2" parent="wall3/wall3/wall4/wall4/wall4/wall4/wall2" instance=ExtResource("18_anm0v")]
transform = Transform3D(-1.0688, -0.463835, 0.204631, 0.526862, -1.12608, -0.00203033, 0.672965, -0.106046, 1.75786, 0.160867, 1.05192, -1.14205)

[node name="wall2" parent="wall3/wall3/wall4" instance=ExtResource("18_anm0v")]
transform = Transform3D(0.0384339, -0.0269227, -0.0892339, 0.0345239, 0.0937694, -0.013421, 0.0865778, -0.02544, 0.0449656, -0.386384, 0.386251, -0.462631)

[node name="arrow2" parent="wall3/wall3/wall4" instance=ExtResource("14_vd0ck")]
transform = Transform3D(0.0446054, -0.0198808, 0.0253028, 0.0245949, 0.0489512, -0.00489528, -0.0207499, 0.0152848, 0.0485891, -0.501997, 0.43198, -0.330677)

[node name="block-grass-corner-overhang-low2" parent="wall3/wall3/wall4" instance=ExtResource("26_t6by5")]
transform = Transform3D(0.251137, -0.0309377, -0.494506, 0.00234462, 0.253855, -0.0743764, 0.499087, 0.0143753, 0.249186, -0.239598, 0.40257, -0.473545)

[node name="fence-straight2" parent="wall3/wall3/wall4" instance=ExtResource("19_e0bb4")]
transform = Transform3D(0.0513333, -0.00664327, -0.0185974, 0.00517683, 0.0545109, -0.00518282, 0.0190581, 0.00308685, 0.0515012, -0.227183, 0.526217, -0.348413)

[node name="fence-straight3" parent="wall3/wall3/wall4" instance=ExtResource("19_e0bb4")]
transform = Transform3D(0.0526032, -0.00664327, -0.0146245, 0.00555736, 0.0545109, -0.00477251, 0.0150711, 0.00308685, 0.0528057, -0.183976, 0.530167, -0.337093)

[node name="wall3" parent="wall3/wall3/wall4" instance=ExtResource("18_anm0v")]
transform = Transform3D(0.104699, -0.000534631, -0.178171, -0.0370342, 0.204353, -0.0400567, 0.127205, 0.0599353, 0.134988, -0.0924481, 1.04642, -0.202002)

[node name="barrel3" parent="wall3/wall3/wall4" instance=ExtResource("27_sociq")]
transform = Transform3D(0.0247224, -0.00664333, -0.0486801, 0.000230807, 0.0545109, -0.00732176, 0.0491311, 0.00308684, 0.0245303, -0.110576, 0.242726, 0.0661777)

[node name="wall5" parent="wall3/wall3" instance=ExtResource("18_anm0v")]
transform = Transform3D(1.42713, 0.26898, -1.0454, -0.34761, 1.75515, -0.0229417, 1.02195, 0.221378, 1.45207, -2.1455, 0.526747, -1.41301)

[node name="platform-grass-large-round" parent="." instance=ExtResource("8_4oh1e")]
transform = Transform3D(1, 0, 0, 0, 1, 0, 0, 0, 1, -0.847174, -0.568607, 4.33667)

[node name="Node3D" parent="platform-grass-large-round" instance=ExtResource("8_4oh1e")]
transform = Transform3D(2.49953, 0, -0.952927, 0, 2.67501, 0, 0.952927, 0, 2.49953, -33.0787, 38.5459, -93.9575)

[node name="fence-straight2" parent="." instance=ExtResource("19_e0bb4")]
transform = Transform3D(-1.11752, -3.03066, 0.351911, 1.28492, -0.12758, 2.98166, -2.76726, 1.16465, 1.24236, -1.0757, -0.861347, 1.14154)

[node name="fence-straight3" parent="." instance=ExtResource("19_e0bb4")]
transform = Transform3D(-1.8814, -1.60062, 0.0592567, 0.152551, -0.0880696, 2.46458, -1.59443, 1.88027, 0.165881, -3.58386, 0.895257, -0.945792)

[node name="platform-fortified3" parent="." instance=ExtResource("23_afw46")]
transform = Transform3D(2.45605, 0, -0.869103, 0, 1.26265, 0, 1.42653, 0, 1.49633, -15.1896, 0.0960369, -0.564269)

[node name="platform-overhang2" parent="." instance=ExtResource("23_trdv3")]
transform = Transform3D(0.917609, 0, -0.397484, 0, 1, 0, 0.397484, 0, 0.917609, -18.2593, 1.45068, 3.02637)

[node name="platform-overhang2" parent="platform-overhang2" instance=ExtResource("23_trdv3")]
transform = Transform3D(0.999983, 0, 0.00581202, 0, 1, 0, -0.00581202, 0, 0.999983, -3.32493, -0.0873415, -0.137135)

[node name="platform-overhang2" parent="platform-overhang2/platform-overhang2" instance=ExtResource("23_trdv3")]
transform = Transform3D(0.999267, 0, -0.0382831, 0, 1, 0, 0.0382831, 0, 0.999267, -2.50359, 1.15878, -0.358026)

[node name="platform-overhang2" parent="platform-overhang2/platform-overhang2/platform-overhang2" instance=ExtResource("23_trdv3")]
transform = Transform3D(0.998421, 0, -0.0561875, 0, 1, 0, 0.0561875, 0, 0.998421, -0.188122, -3.2041, 0.316131)

[node name="platform-fortified2" parent="." instance=ExtResource("23_afw46")]
transform = Transform3D(0.358352, 0, -0.933587, 0, 1, 0, 0.933587, 0, 0.358352, -30.3367, 0.258772, 8.26059)

[node name="platform-fortified2" parent="platform-fortified2" instance=ExtResource("23_afw46")]
transform = Transform3D(-0.999938, 0, 0.0111874, 0, 1, 0, -0.0111874, 0, -0.999938, -0.982763, -0.00866008, 0.00384521)

[node name="platform-fortified3" parent="platform-fortified2" instance=ExtResource("23_afw46")]
transform = Transform3D(0.999911, 0, -0.0133688, 0, 1, 0, 0.0133688, 0, 0.999911, 0.00960255, 0.00168395, -1.00689)

[node name="platform-fortified2" parent="platform-fortified2/platform-fortified3" instance=ExtResource("23_afw46")]
transform = Transform3D(-0.999938, 0, 0.0111874, 0, 1, 0, -0.0111874, 0, -0.999938, -0.982763, -0.00866008, 0.00384521)

[node name="platform-fortified3" parent="platform-fortified2/platform-fortified3" instance=ExtResource("23_afw46")]
transform = Transform3D(0.999977, 0.000982732, 0.00685434, -0.00509161, -0.566562, 0.824003, 0.00469297, -0.824018, -0.566544, -0.0255742, -0.235836, -0.0557861)

[node name="platform-fortified2" parent="platform-fortified2/platform-fortified3/platform-fortified3" instance=ExtResource("23_afw46")]
transform = Transform3D(-0.999938, 0, 0.0111874, 0, 1, 0, -0.0111874, 0, -0.999938, -0.982763, -0.00866008, 0.00384521)

[node name="platform-fortified3" parent="platform-fortified2/platform-fortified3/platform-fortified3" instance=ExtResource("23_afw46")]
transform = Transform3D(0.999732, 0.00138608, 0.023161, -0.00155997, 0.999971, 0.00749054, -0.0231498, -0.00752433, 0.999705, 0.0170035, -0.0223103, -0.979492)

[node name="platform-fortified2" parent="platform-fortified2/platform-fortified3/platform-fortified3/platform-fortified3" instance=ExtResource("23_afw46")]
transform = Transform3D(-0.999938, 0, 0.0111874, 0, 1, 0, -0.0111874, 0, -0.999938, -0.982763, -0.00866008, 0.00384521)

[node name="platform-fortified3" parent="platform-fortified2/platform-fortified3/platform-fortified3/platform-fortified3" instance=ExtResource("23_afw46")]
transform = Transform3D(0.999732, 0.00138611, 0.0231611, -0.00155997, 0.999971, 0.00749055, -0.0231498, -0.00752433, 0.999705, 0.0164132, -0.0187569, -0.977026)

[node name="platform-fortified2" parent="platform-fortified2/platform-fortified3/platform-fortified3/platform-fortified3/platform-fortified3" instance=ExtResource("23_afw46")]
transform = Transform3D(-0.999938, 0, 0.0111874, 0, 1, 0, -0.0111874, 0, -0.999938, -0.982763, -0.00866008, 0.00384521)

[node name="ladder-long2" parent="." instance=ExtResource("24_uh4r0")]
transform = Transform3D(1.10765, 1.69256, -0.0747028, 0.0405578, 1.17054, 0.753914, 0.364194, -5.27809, 0.143243, -29.6397, 0.360699, 6.69734)

[node name="platform-fortified4" parent="." instance=ExtResource("23_afw46")]
transform = Transform3D(0.482549, 0, -0.875869, 0, 1, 0, 0.875869, 0, 0.482549, -32.067, 1.90107, 5.19458)

[node name="platform-fortified4" parent="platform-fortified4" instance=ExtResource("23_afw46")]
transform = Transform3D(-0.0973223, 0, -0.995253, 0, 1, 0, 0.995253, 0, -0.0973223, -8.60014, 3.94319, 0.801928)

[node name="platform-fortified4" parent="platform-fortified4/platform-fortified4" instance=ExtResource("23_afw46")]
transform = Transform3D(0.0708016, 0, -1.1843, 0, 1, 0, 0.898215, 0, 0.0933524, -1.09247, 1.82346, -1.49691)

[node name="platform-fortified4" parent="platform-fortified4/platform-fortified4/platform-fortified4" instance=ExtResource("23_afw46")]
transform = Transform3D(0.782511, 0, 0.622638, 0, 1, 0, -0.622638, 0, 0.782511, 1.46132, 0.172054, 4.56746)

[node name="platform-fortified4" parent="platform-fortified4/platform-fortified4/platform-fortified4/platform-fortified4" instance=ExtResource("23_afw46")]
transform = Transform3D(0.999398, 0, -0.0347074, 0, 1, 0, 0.0347074, 0, 0.999398, 0.0110245, 0.00792742, -0.992485)

[node name="platform-fortified4" parent="platform-fortified4/platform-fortified4/platform-fortified4/platform-fortified4/platform-fortified4" instance=ExtResource("23_afw46")]
transform = Transform3D(0.999398, 0, -0.0347074, 0, 1, 0, 0.0347074, 0, 0.999398, -3.43658, 0.672014, 0.308376)

[node name="plant2" parent="platform-fortified4" instance=ExtResource("31_jeoo1")]
transform = Transform3D(0.482549, 0, 0.875869, 0, 1, 0, -0.875869, 0, 0.482549, -3.85734, 12.1159, -10.3614)

[node name="plant3" parent="platform-fortified4" instance=ExtResource("31_jeoo1")]
transform = Transform3D(0.482549, 0, 0.875869, 0, 1, 0, -0.875869, 0, 0.482549, -4.19151, 12.1159, -12.1955)

[node name="plant4" parent="platform-fortified4" instance=ExtResource("31_jeoo1")]
transform = Transform3D(0.482549, 0, 0.875869, 0, 1, 0, -0.875869, 0, 0.482549, -5.07153, 12.1159, -10.1842)

[node name="plant5" parent="platform-fortified4" instance=ExtResource("31_jeoo1")]
transform = Transform3D(0.482549, 0, 0.875869, 0, 1, 0, -0.875869, 0, 0.482549, -1.60201, 11.4888, -12.5196)

[node name="plant6" parent="platform-fortified4" instance=ExtResource("31_jeoo1")]
transform = Transform3D(0.482549, 0, 0.875869, 0, 1, 0, -0.875869, 0, 0.482549, -2.1521, 11.4888, -11.9462)

[node name="plant7" parent="platform-fortified4" instance=ExtResource("31_jeoo1")]
transform = Transform3D(0.482549, 0, 0.875869, 0, 1, 0, -0.875869, 0, 0.482549, -2.19183, 11.646, -13.5782)

[node name="plant8" parent="platform-fortified4" instance=ExtResource("31_jeoo1")]
transform = Transform3D(0.482549, 0, 0.875869, 0, 1, 0, -0.875869, 0, 0.482549, -2.81225, 11.6014, -13.506)

[node name="s" parent="." instance=ExtResource("24_uh4r0")]
transform = Transform3D(1.05262, -0.415036, 0.399661, 0.0146823, 0.851413, 0.845496, -0.575993, -0.736767, 0.751924, -30.9318, 0.368973, 6.9919)

[node name="block-grass-overhang-large-slope4" parent="." instance=ExtResource("23_fym2t")]
transform = Transform3D(0.851956, 0.368413, 0.37208, -0.407047, 0.912977, 0.0280424, -0.32937, -0.175345, 0.927777, -32.8223, 2.70787, 3.29379)

[node name="wall2" parent="." instance=ExtResource("18_anm0v")]
transform = Transform3D(5.67464, 0.685571, 0.518618, -3.62698, 1.24639, 0.0561055, -2.01449, -0.312878, 1.35989, -33.2483, 1.45992, 3.4305)

[node name="tree2" parent="." instance=ExtResource("25_dhd0u")]
transform = Transform3D(2.55999, 0, 0, 0, 2.55999, 0, 0, 0, 2.55999, -33.0124, 9.93599, -2.75728)

[node name="wall4" parent="." instance=ExtResource("18_anm0v")]
transform = Transform3D(2.48248, 1.31623, -5.30563, -1.88421, 4.39669, 0, 3.07603, 1.63092, 4.28187, -31.3958, 11.7095, -2.54262)

[node name="wall5" parent="." instance=ExtResource("18_anm0v")]
transform = Transform3D(2.82937, 1.94569, 0, -1.49378, 3.68534, 0, 0, 0, 5.25001, -34.7823, 11.3481, 2.21731)

[node name="wall6" parent="." instance=ExtResource("18_anm0v")]
transform = Transform3D(3.24475, -1.24003, 1.56858, 1.59377, 3.40949, -0.601501, -1.20749, 1.168, 3.42115, -22.2276, 13.9185, -9.87017)

[node name="wall6" parent="wall6" instance=ExtResource("18_anm0v")]
transform = Transform3D(0.711046, 1.68752, 0.182603, -0.890438, 1.33446, 0.271774, 0.0441407, -0.264012, 2.54082, -0.634134, -0.381398, 2.29866)

[node name="wall2" parent="wall6" instance=ExtResource("18_anm0v")]
transform = Transform3D(0.874937, 0.754992, 0.28101, -0.796719, 0.872351, 0.13687, -0.119228, -0.288936, 1.14752, -0.481178, -0.0204358, 1.05718)

[node name="block-grass-overhang-low-narrow2" parent="." instance=ExtResource("27_1sqi8")]
transform = Transform3D(9.46178, 0, 0, 0, 1.80034, 0, 0, 0, 9.43799, -25.1909, 13.1168, -5.86094)

[node name="block-grass-overhang-low-narrow2" parent="block-grass-overhang-low-narrow2" instance=ExtResource("27_1sqi8")]
transform = Transform3D(0.364702, 0, -0.967139, 0, 1.20496, 0, 1.04634, 0, 0.337096, -0.132904, 0.259847, -0.381361)

[node name="block-grass-overhang-low-narrow2" parent="block-grass-overhang-low-narrow2/block-grass-overhang-low-narrow2" instance=ExtResource("27_1sqi8")]
transform = Transform3D(0.0335823, 0, -0.597093, 0, 0.831386, 0, 1.25812, 0, 0.0159377, -0.149175, 0.147235, -0.00497603)

[node name="wall7" parent="." instance=ExtResource("18_anm0v")]
transform = Transform3D(3.44237, -2.45462, -9.78872, 5.76991, 8.96406, -0.218745, 8.27963, -5.22633, 4.22223, -28.6074, 14.5882, -14.8984)

[node name="wall8" parent="." instance=ExtResource("18_anm0v")]
transform = Transform3D(1.7634, 0.772767, 4.48907, -0.301613, 4.51802, -0.767814, -1.63061, 0, 4.99665, -30.9996, 15.065, -12.1092)

[node name="wall9" parent="." instance=ExtResource("18_anm0v")]
transform = Transform3D(4.30908, 0.940159, 4.32138, -0.486611, 8.32529, -0.488006, -4.35466, -1.07687e-07, 4.33068, -32.6592, 18.2723, -14.0602)

[node name="wall10" parent="." instance=ExtResource("18_anm0v")]
transform = Transform3D(4.45111, -0.481394, 0, 0.669194, 3.20196, 0, 0, 0, 4.50114, -23.7348, 15.2155, -12.413)

[node name="wall11" parent="." instance=ExtResource("18_anm0v")]
transform = Transform3D(1.95595, -0.957563, 1.73047, 0.350351, 8.03663, -1.7669, -0.405485, 2.32483, 6.82066, -24.3535, 15.2155, -18.255)

[node name="wall12" parent="." instance=ExtResource("18_anm0v")]
transform = Transform3D(3.72504, 0.815544, 0.845487, -0.795315, 3.81978, -0.180516, -0.864543, 0, 3.80899, -28.8369, 14.6693, -8.10839)

[node name="platform-falling" parent="." instance=ExtResource("29_0iu1x")]
transform = Transform3D(0.739025, -0.0224241, 0.132709, 0.0312414, 0.662752, -0.0024105, -0.297605, 0.0138886, 0.329296, -28.771, 15.7711, -13.5475)

[node name="platform-falling2" parent="." instance=ExtResource("29_0iu1x")]
transform = Transform3D(0.917107, 0.00262143, 0.172954, 0.00318538, 0.532849, -0.00897717, -0.387577, 0.0105823, 0.409181, -26.7234, 16.9042, -15.2792)

[node name="platform-overhang3" parent="." instance=ExtResource("23_trdv3")]
transform = Transform3D(0.905124, 0, 0.425148, 0, 1, 0, -0.425148, 0, 0.905124, -29.6656, 17.9995, -15.2532)

[node name="wall13" parent="." instance=ExtResource("18_anm0v")]
transform = Transform3D(1.73715, 0.787961, 1.81404, -0.480682, 4.41191, -0.151634, -1.78555, -0.421114, 1.80568, -29.3243, 18.8802, -11.0268)

[node name="platform-overhang4" parent="." instance=ExtResource("23_trdv3")]
transform = Transform3D(-0.746731, 0, 0.665126, 0, 1, 0, -0.665126, 0, -0.746731, -29.9328, 19.9681, -13.1788)

[node name="platform-overhang5" parent="." instance=ExtResource("23_trdv3")]
transform = Transform3D(0.925961, -0.0720061, 0.370691, 0.0602937, 0.99725, 0.0431046, -0.372775, -0.0175629, 0.927756, -28.2794, 19.3791, -16.7633)

[node name="fence-straight4" parent="." instance=ExtResource("19_e0bb4")]
